18312952109310113862311645184120241010471431707710737958821010104616118932
126381439533115279111302711510101011811011131026124131471094510128133115761731612613611515591331153101539324972101011824310611613108223155861741314211510109798631082614981141163710513212115761011171599721310119533161327911130251896611881689657143101661110
11510795131167613101319211639138982111153613781261110451712948215676173922710991010118211010665103922710995106952514667939521097213143100103121021411382131067618310027961010128172379721314399931472
791117110210611613781689123131051093211102141012813111067515492241866129588210101046161181151073101141207314610121458211110995185802311645104124149137613310510313122794131369646145921218725105921710132614412032171029105130371010469913133115451741616410121051031113314739
185802511631411382621153131141301089144595115210145391081001491376133103971092918782110146111094172131763913417027155314184102371013261381003218661294100321081051139513127751741719
4913751099827116410106824310142111841241031312279119212111031011482471013751011131249639133942711526959110495351341652312531015311133147391012
1761414677103103631710261341321210137610589141267710410413139313144171102115101410128137115451441603210102614412513141127951116214667912100107101426125131107107851089817117761751316313102101059962115101098146651152712413223119271431318410144710410526115
45178814495310153141241071161310882315681010799111109279129362115106113892119144595812314611510595261657613413229175861441603217102111041013111099511395131813761011813510775154161631254517881431465101071002119771110898621066995886210831010613154961151091006317537108948214666145979215676173952614545108882411102791195331613459128125911361141092616511517410262111076133141241071161310891510103911317154101027941307310737
1549224186612958821010104616118113171439163171521151014101283231810271241322311926134132121087610786231164141071503217610614597921151010961315491031394136149137510412154106471041702210113710412532911371089213185451789862156371051715997213101195331613279111302101866129411523136115154922418661295882101010461611821101453141099363185410113103671092791113027116210125811021151061138213141277911131921083610882110145313184127
2710927911130351077511316193147312173111331014311951316410610515129932101426101195331096511316514106614115131931810
3910810091110995115921218871210119237107
4710580271011761331052711631391191561014271211131521110310114819710810511316513147213144160211189751010101105106371188268101031314317212108761158110
4121337931295218537144102621110310114
