191513523851850151801520851802085185013211920019211851225025
20850613501415200195514020850221593501415200851184
208508511820020812001415200255200145225180255200180135
1314501141923518020150132502315184

191513523851850151801520851801312502501451180151806118
161192001211440114401951031251140152120015601997820
252515144020850231144518914701315151402525151440208501920118
208120020181311190851801497820022501497820

191513523851850151801520851801312502506118015180145118
23920801021192001023112120108547502520235514
23920801021192002085012119200125122519015602085042591470255118
611212514015140102021186071815231407185514
